theta = 0.0
0.0   0.0
142156.0    248.0

theta = 0.025
0.0   0.0
142156.0    248.0

theta = 0.05
0.0   0.0
142156.0    248.0

theta = 0.075
0.0   0.0
142156.0    248.0

theta = 0.1
0.0   0.0
142156.0    248.0

theta = 0.125
0.0   0.0
142156.0    248.0

theta = 0.15
141964.0   43.0
192.0    205.0

theta = 0.175
142077.0   45.0
79.0    203.0

theta = 0.2
142090.0   45.0
66.0    203.0

theta = 0.225
142099.0   45.0
57.0    203.0

theta = 0.25
142104.0   46.0
52.0    202.0

theta = 0.275
142110.0   47.0
46.0    201.0

theta = 0.3
142111.0   48.0
45.0    200.0

theta = 0.325
142117.0   48.0
39.0    200.0

theta = 0.35
142117.0   48.0
39.0    200.0

theta = 0.375
142118.0   49.0
38.0    199.0

theta = 0.4
142124.0   49.0
32.0    199.0

theta = 0.425
142134.0   50.0
22.0    198.0

theta = 0.45
142136.0   51.0
20.0    197.0

theta = 0.475
142138.0   52.0
18.0    196.0

theta = 0.5
142140.0   53.0
16.0    195.0

theta = 0.525
142140.0   54.0
16.0    194.0

theta = 0.55
142140.0   54.0
16.0    194.0

theta = 0.575
142142.0   56.0
14.0    192.0

theta = 0.6
142142.0   61.0
14.0    187.0

theta = 0.625
142143.0   65.0
13.0    183.0

theta = 0.65
142144.0   71.0
12.0    177.0

theta = 0.675
142145.0   79.0
11.0    169.0

theta = 0.7
142147.0   85.0
9.0    163.0

theta = 0.725
142148.0   92.0
8.0    156.0

theta = 0.75
142148.0   97.0
8.0    151.0

theta = 0.775
142148.0   111.0
8.0    137.0

theta = 0.8
142150.0   123.0
6.0    125.0

theta = 0.825
142153.0   157.0
3.0    91.0

theta = 0.85
142156.0   248.0
0.0    0.0

theta = 0.875
142156.0   248.0
0.0    0.0

theta = 0.9
142156.0   248.0
0.0    0.0

theta = 0.925
142156.0   248.0
0.0    0.0

theta = 0.95
142156.0   248.0
0.0    0.0

theta = 0.975
142156.0   248.0
0.0    0.0

theta = 1.0
142156.0   248.0
0.0    0.0

