1.0    1.0
1.0    1.0
1.0    1.0
1.0    1.0
1.0    1.0
1.0    1.0
0.00135062888658    0.826612903226
0.000555727510622    0.818548387097
0.00046427867976    0.818548387097
0.000400967950702    0.818548387097
0.000365795323447    0.814516129032
0.000323588170742    0.810483870968
0.000316553645291    0.806451612903
0.000274346492586    0.806451612903
0.000274346492586    0.806451612903
0.000267311967135    0.802419354839
0.000225104814429    0.802419354839
0.00015475955992    0.798387096774
0.000140690509018    0.79435483871
0.000126621458116    0.790322580645
0.000112552407215    0.786290322581
0.000112552407215    0.782258064516
0.000112552407215    0.782258064516
9.84833563128e-05    0.774193548387
9.84833563128e-05    0.754032258065
9.14488308619e-05    0.737903225806
8.4414305411e-05    0.713709677419
7.737977996e-05    0.681451612903
6.33107290582e-05    0.657258064516
5.62762036073e-05    0.629032258065
5.62762036073e-05    0.608870967742
5.62762036073e-05    0.552419354839
4.22071527055e-05    0.504032258065
2.11035763527e-05    0.366935483871
0.0    0.0
0.0    0.0
0.0    0.0
0.0    0.0
0.0    0.0
0.0    0.0
0.0    0.0
