0.4849  1
0.812356  1
0.79494  3
0.202088  1
0.835351  1
0.576818  1
0.804837  1
0.840616  15
0.405899  1
0.793108  1
0.783978  1
0.587945  2
0.152964  70
0.251714  1
0.845234  35
0.833694  3
0.80634  1
0.351133  1
0.445233  1
0.569747  2
0.28001  1
0.636529  3
0.375911  1
0.821605  1
0.246184  1
0.192778  1
0.403744  1
0.304832  1
0.703764  3
0.667738  2
0.834451  2
0.151388  1
0.839083  1
0.670718  1
0.616082  1
0.817597  1
0.197805  1
0.668572  2
0.254967  1
0.833494  3
0.805332  2
0.811441  1
0.248341  1
0.420733  1
0.767649  1
0.604832  1
0.693806  2
0.797422  1
0.655356  1
0.839485  1
0.242745  3
0.819784  2
0.818858  1
0.801627  1
0.146656  142007
0.816583  1
0.830803  1
0.792986  1
0.815427  1
0.310203  1
0.779605  1
0.166837  1
0.623211  1
0.267785  1
0.816772  4
0.766134  11
0.843608  2
0.778612  1
0.633808  1
0.832965  3
0.788828  1
0.780856  1
0.506276  1
0.816477  1
0.652408  1
0.679247  1
0.812765  4
0.643839  1
0.435893  1
0.717991  1
0.798808  2
0.815428  1
0.414998  1
0.834525  2
0.814721  2
0.150704  25
0.41691  1
0.665419  1
0.827953  3
0.407937  1
0.408305  3
0.324632  1
0.206417  7
0.593826  1
0.567135  1
0.449367  1
0.735917  1
0.314236  2
0.574855  1
0.197444  1
0.164412  2
0.844129  9
0.693602  1
0.740717  2
0.166544  5
0.83468  5
0.183547  10
0.375573  1
0.70722  4
0.395727  1
0.802303  1
0.840748  5
0.393653  2
0.585164  1
0.269986  1
0.842494  1
0.802962  2
0.821428  1
0.615915  1
0.302708  1
0.160641  1
0.454586  2
0.773812  1
0.824969  1
0.361922  1
0.475211  1
0.661622  1
0.164905  2
0.234524  1
0.732969  1
0.166467  5
0.631144  1
0.216695  1
0.676295  1
0.408056  2
0.463235  1
0.27205  1
0.642796  1
0.375365  1
0.603152  1
0.681416  3
0.166386  1
0.265653  1
0.255293  1
0.288648  1
0.492352  1
0.750082  1
0.830368  1
0.746042  1
0.164047  1
0.815387  3
0.808387  1
0.825984  1
0.824374  1
0.808158  1
0.7967  1
0.163966  1
