0.0    0.00347699296189
0.025    0.00347699296189
0.05    0.00347699296189
0.075    0.00347699296189
0.1    0.00347699296189
0.125    0.00347699296189
0.15    0.635658914729
0.175    0.766037735849
0.2    0.785299806576
0.225    0.799212598425
0.25    0.804780876494
0.275    0.812121212121
0.3    0.811359026369
0.325    0.82135523614
0.35    0.82135523614
0.375    0.820618556701
0.4    0.830897703549
0.425    0.846153846154
0.45    0.847311827957
0.475    0.848484848485
0.5    0.849673202614
0.525    0.847161572052
0.55    0.847161572052
0.575    0.845814977974
0.6    0.832962138085
0.625    0.824324324324
0.65    0.810068649886
0.675    0.789719626168
0.7    0.77619047619
0.725    0.757281553398
0.75    0.742014742015
0.775    0.697201017812
0.8    0.65963060686
0.825    0.53216374269
0.85    0.0
0.875    0.0
0.9    0.0
0.925    0.0
0.95    0.0
0.975    0.0
1.0    0.0
