1.0    0.00174152411449
1.0    0.00174152411449
1.0    0.00174152411449
1.0    0.00174152411449
1.0    0.00174152411449
1.0    0.00174152411449
0.826612903226    0.51637279597
0.818548387097    0.719858156028
0.818548387097    0.754646840149
0.818548387097    0.780769230769
0.814516129032    0.795275590551
0.810483870968    0.813765182186
0.806451612903    0.816326530612
0.806451612903    0.836820083682
0.806451612903    0.836820083682
0.802419354839    0.839662447257
0.802419354839    0.861471861472
0.798387096774    0.9
0.79435483871    0.907834101383
0.790322580645    0.915887850467
0.786290322581    0.924170616114
0.782258064516    0.92380952381
0.782258064516    0.92380952381
0.774193548387    0.932038834951
0.754032258065    0.930348258707
0.737903225806    0.933673469388
0.713709677419    0.936507936508
0.681451612903    0.938888888889
0.657258064516    0.947674418605
0.629032258065    0.951219512195
0.608870967742    0.949685534591
0.552419354839    0.944827586207
0.504032258065    0.954198473282
0.366935483871    0.968085106383
0.0    1.0
0.0    1.0
0.0    1.0
0.0    1.0
0.0    1.0
0.0    1.0
0.0    1.0
